# z     fIaMin      fIa     fIaMax
0.000  0.20000  0.25000  0.30000 
0.010  0.18495  0.23953  0.29308 
0.020  0.17276  0.23069  0.28713 
0.030  0.16268  0.22313  0.28196 
0.040  0.15422  0.21659  0.27743 
0.050  0.14701  0.21087  0.27342 
0.060  0.14079  0.20584  0.26985 
0.070  0.13538  0.20137  0.26666 
0.080  0.13062  0.19738  0.26378 
0.090  0.12640  0.19379  0.26116 
0.100  0.12264  0.19054  0.25879 
0.110  0.11927  0.18759  0.25662 
0.120  0.11622  0.18490  0.25462 
0.130  0.11346  0.18244  0.25279 
0.140  0.11094  0.18017  0.25109 
0.150  0.10864  0.17808  0.24952 
0.160  0.10652  0.17615  0.24807 
0.170  0.10457  0.17435  0.24671 
0.180  0.10277  0.17268  0.24544 
0.190  0.10110  0.17112  0.24425 
0.200  0.09954  0.16967  0.24313 
0.210  0.09809  0.16830  0.24208 
0.220  0.09674  0.16702  0.24110 
0.230  0.09547  0.16581  0.24017 
0.240  0.09428  0.16467  0.23929 
0.250  0.09316  0.16360  0.23846 
0.260  0.09211  0.16259  0.23767 
0.270  0.09111  0.16162  0.23692 
0.280  0.09017  0.16071  0.23621 
0.290  0.08928  0.15985  0.23553 
0.300  0.08844  0.15902  0.23489 
0.310  0.08763  0.15824  0.23427 
0.320  0.08687  0.15749  0.23369 
0.330  0.08615  0.15678  0.23312 
0.340  0.08546  0.15609  0.23259 
0.350  0.08480  0.15544  0.23207 
0.360  0.08417  0.15482  0.23158 
0.370  0.08357  0.15422  0.23111 
0.380  0.08299  0.15365  0.23065 
0.390  0.08244  0.15309  0.23022 
0.400  0.08191  0.15257  0.22980 
0.410  0.08140  0.15206  0.22939 
0.420  0.08091  0.15157  0.22901 
0.430  0.08044  0.15110  0.22863 
0.440  0.07999  0.15064  0.22827 
0.450  0.07956  0.15020  0.22792 
0.460  0.07914  0.14978  0.22758 
0.470  0.07874  0.14938  0.22726 
0.480  0.07835  0.14898  0.22694 
0.490  0.07797  0.14860  0.22664 
0.500  0.07761  0.14823  0.22634 
0.510  0.07726  0.14788  0.22606 
0.520  0.07692  0.14753  0.22578 
0.530  0.07660  0.14720  0.22551 
0.540  0.07628  0.14687  0.22525 
0.550  0.07597  0.14656  0.22500 
0.560  0.07567  0.14626  0.22476 
0.570  0.07538  0.14596  0.22452 
0.580  0.07511  0.14567  0.22429 
0.590  0.07483  0.14539  0.22406 
0.600  0.07457  0.14512  0.22385 
0.610  0.07431  0.14486  0.22363 
0.620  0.07406  0.14460  0.22343 
0.630  0.07382  0.14435  0.22323 
0.640  0.07359  0.14411  0.22303 
0.650  0.07336  0.14388  0.22284 
0.660  0.07314  0.14365  0.22265 
0.670  0.07292  0.14342  0.22247 
0.680  0.07271  0.14320  0.22230 
0.690  0.07250  0.14299  0.22212 
0.700  0.07230  0.14278  0.22195 
0.710  0.07211  0.14258  0.22179 
0.720  0.07192  0.14238  0.22163 
0.730  0.07173  0.14219  0.22147 
0.740  0.07155  0.14200  0.22132 
0.750  0.07137  0.14182  0.22117 
0.760  0.07120  0.14164  0.22103 
0.770  0.07103  0.14146  0.22088 
0.780  0.07087  0.14129  0.22074 
0.790  0.07071  0.14112  0.22061 
0.800  0.07055  0.14096  0.22047 
0.810  0.07039  0.14080  0.22034 
0.820  0.07024  0.14064  0.22022 
0.830  0.07010  0.14049  0.22009 
0.840  0.06995  0.14034  0.21997 
0.850  0.06981  0.14019  0.21985 
0.860  0.06967  0.14005  0.21973 
0.870  0.06954  0.13990  0.21962 
0.880  0.06941  0.13977  0.21950 
0.890  0.06928  0.13963  0.21939 
0.900  0.06915  0.13950  0.21928 
0.910  0.06902  0.13937  0.21918 
0.920  0.06890  0.13924  0.21907 
0.930  0.06878  0.13911  0.21897 
0.940  0.06867  0.13899  0.21887 
0.950  0.06855  0.13887  0.21877 
0.960  0.06844  0.13875  0.21867 
0.970  0.06833  0.13863  0.21858 
0.980  0.06822  0.13852  0.21849 
0.990  0.06811  0.13841  0.21839 
1.000  0.06801  0.13830  0.21830 
1.010  0.06791  0.13819  0.21822 
1.020  0.06780  0.13808  0.21813 
1.030  0.06771  0.13798  0.21804 
1.040  0.06761  0.13788  0.21796 
1.050  0.06751  0.13778  0.21788 
1.060  0.06742  0.13768  0.21780 
1.070  0.06733  0.13758  0.21772 
1.080  0.06724  0.13748  0.21764 
1.090  0.06715  0.13739  0.21756 
1.100  0.06706  0.13730  0.21749 
1.110  0.06576  0.13721  0.21741 
1.120  0.06448  0.13712  0.21734 
1.130  0.06324  0.13703  0.21727 
1.140  0.06202  0.13694  0.21719 
1.150  0.06082  0.13686  0.21712 
1.160  0.05965  0.13677  0.21706 
1.170  0.05851  0.13669  0.21699 
1.180  0.05739  0.13661  0.21692 
1.190  0.05629  0.13653  0.21685 
1.200  0.05522  0.13645  0.21679 
1.210  0.05417  0.13496  0.21673 
1.220  0.05314  0.13349  0.21666 
1.230  0.05213  0.13204  0.21660 
1.240  0.05115  0.13061  0.21654 
1.250  0.05018  0.12920  0.21648 
1.260  0.04923  0.12781  0.21642 
1.270  0.04831  0.12644  0.21636 
1.280  0.04740  0.12509  0.21631 
1.290  0.04651  0.12375  0.21625 
1.300  0.04564  0.12243  0.21619 
1.310  0.04479  0.12113  0.21614 
1.320  0.04395  0.11985  0.21608 
1.330  0.04313  0.11858  0.21603 
1.340  0.04233  0.11734  0.21598 
1.350  0.04154  0.11610  0.21592 
1.360  0.04077  0.11489  0.21421 
1.370  0.04002  0.11369  0.21251 
1.380  0.03928  0.11250  0.21083 
1.390  0.03856  0.11133  0.20916 
1.400  0.03785  0.11018  0.20752 
1.410  0.03715  0.10904  0.20589 
1.420  0.03647  0.10791  0.20427 
1.430  0.03580  0.10680  0.20268 
1.440  0.03515  0.10571  0.20110 
1.450  0.03451  0.10462  0.19953 
1.460  0.03388  0.10356  0.19798 
1.470  0.03326  0.10250  0.19645 
1.480  0.03266  0.10146  0.19493 
1.490  0.03206  0.10043  0.19342 
1.500  0.03148  0.09941  0.19194 
1.510  0.03091  0.09841  0.19046 
1.520  0.03035  0.09742  0.18900 
1.530  0.02981  0.09644  0.18756 
1.540  0.02927  0.09547  0.18613 
1.550  0.02874  0.09452  0.18471 
1.560  0.02823  0.09358  0.18331 
1.570  0.02772  0.09264  0.18192 
1.580  0.02723  0.09172  0.18054 
1.590  0.02674  0.09081  0.17918 
1.600  0.02626  0.08992  0.17783 
1.610  0.02599  0.08903  0.17649 
1.620  0.02572  0.08815  0.17517 
1.630  0.02546  0.08729  0.17386 
1.640  0.02519  0.08643  0.17256 
1.650  0.02493  0.08559  0.17127 
1.660  0.02467  0.08475  0.17000 
1.670  0.02442  0.08393  0.16873 
1.680  0.02416  0.08311  0.16748 
1.690  0.02391  0.08230  0.16625 
1.700  0.02366  0.08151  0.16502 
1.710  0.02342  0.08135  0.16380 
1.720  0.02318  0.08119  0.16260 
1.730  0.02294  0.08103  0.16141 
1.740  0.02270  0.08087  0.16022 
1.750  0.02246  0.08071  0.15905 
1.760  0.02223  0.08055  0.15789 
1.770  0.02200  0.08039  0.15674 
1.780  0.02177  0.08023  0.15560 
1.790  0.02154  0.08007  0.15448 
1.800  0.02132  0.07992  0.15336 
1.810  0.02110  0.07976  0.15344 
1.820  0.02088  0.07960  0.15353 
1.830  0.02066  0.07945  0.15362 
1.840  0.02044  0.07929  0.15370 
1.850  0.02023  0.07913  0.15379 
1.860  0.02002  0.07898  0.15388 
1.870  0.01981  0.07882  0.15396 
1.880  0.01961  0.07867  0.15405 
1.890  0.01940  0.07851  0.15414 
1.900  0.01920  0.07836  0.15422 
1.910  0.01900  0.07820  0.15431 
1.920  0.01880  0.07805  0.15440 
1.930  0.01861  0.07789  0.15449 
1.940  0.01841  0.07774  0.15457 
1.950  0.01822  0.07759  0.15466 
1.960  0.01803  0.07743  0.15475 
1.970  0.01784  0.07728  0.15483 
1.980  0.01766  0.07713  0.15492 
1.990  0.01747  0.07697  0.15501 
2.000  0.01729  0.07682  0.15510 
2.010  0.01711  0.07667  0.15518 
2.020  0.01693  0.07652  0.15527 
2.030  0.01675  0.07637  0.15536 
2.040  0.01658  0.07622  0.15545 
2.050  0.01640  0.07607  0.15553 
2.060  0.01623  0.07592  0.15562 
2.070  0.01606  0.07576  0.15571 
2.080  0.01589  0.07561  0.15580 
2.090  0.01573  0.07547  0.15588 
2.100  0.01556  0.07532  0.15597 
2.110  0.01540  0.07517  0.15606 
2.120  0.01524  0.07502  0.15615 
2.130  0.01508  0.07487  0.15624 
2.140  0.01492  0.07472  0.15632 
2.150  0.01477  0.07457  0.15641 
2.160  0.01461  0.07443  0.15650 
2.170  0.01446  0.07428  0.15659 
2.180  0.01431  0.07413  0.15668 
2.190  0.01416  0.07398  0.15676 
2.200  0.01401  0.07384  0.15685 
2.210  0.01386  0.07369  0.15694 
2.220  0.01372  0.07354  0.15703 
2.230  0.01357  0.07340  0.15712 
2.240  0.01343  0.07325  0.15720 
2.250  0.01329  0.07311  0.15729 
2.260  0.01315  0.07296  0.15738 
2.270  0.01301  0.07282  0.15747 
2.280  0.01288  0.07267  0.15756 
2.290  0.01274  0.07253  0.15765 
2.300  0.01261  0.07239  0.15774 
2.310  0.01248  0.07224  0.15782 
2.320  0.01234  0.07210  0.15791 
2.330  0.01222  0.07195  0.15800 
2.340  0.01209  0.07181  0.15809 
2.350  0.01196  0.07167  0.15818 
2.360  0.01183  0.07153  0.15827 
2.370  0.01171  0.07138  0.15836 
2.380  0.01159  0.07124  0.15844 
2.390  0.01147  0.07110  0.15853 
2.400  0.01135  0.07096  0.15862 
2.410  0.01123  0.07082  0.15871 
2.420  0.01111  0.07068  0.15880 
2.430  0.01099  0.07054  0.15889 
2.440  0.01088  0.07040  0.15898 
2.450  0.01076  0.07026  0.15907 
2.460  0.01065  0.07012  0.15916 
2.470  0.01054  0.06998  0.15925 
2.480  0.01043  0.06984  0.15934 
2.490  0.01032  0.06970  0.15943 
2.500  0.01021  0.06956  0.15951 
2.510  0.01010  0.06942  0.15960 
2.520  0.00999  0.06928  0.15969 
2.530  0.00989  0.06914  0.15978 
2.540  0.00978  0.06901  0.15987 
2.550  0.00968  0.06887  0.15996 
2.560  0.00958  0.06873  0.16005 
2.570  0.00948  0.06859  0.16014 
2.580  0.00938  0.06846  0.16023 
2.590  0.00928  0.06832  0.16032 
2.600  0.00918  0.06819  0.16041 
2.610  0.00909  0.06805  0.16050 
2.620  0.00899  0.06791  0.16059 
2.630  0.00890  0.06778  0.16068 
2.640  0.00880  0.06764  0.16077 
2.650  0.00871  0.06751  0.16086 
2.660  0.00862  0.06737  0.16095 
2.670  0.00853  0.06724  0.16104 
2.680  0.00844  0.06710  0.16113 
2.690  0.00835  0.06697  0.16122 
2.700  0.00826  0.06684  0.16131 
2.710  0.00817  0.06670  0.16140 
2.720  0.00809  0.06657  0.16149 
2.730  0.00800  0.06644  0.16158 
2.740  0.00792  0.06630  0.16167 
2.750  0.00783  0.06617  0.16176 
2.760  0.00775  0.06604  0.16185 
2.770  0.00767  0.06591  0.16194 
2.780  0.00759  0.06578  0.16203 
2.790  0.00751  0.06564  0.16212 
2.800  0.00743  0.06551  0.16221 
2.810  0.00735  0.06538  0.16230 
2.820  0.00727  0.06525  0.16240 
2.830  0.00720  0.06512  0.16249 
2.840  0.00712  0.06499  0.16258 
2.850  0.00705  0.06486  0.16267 
2.860  0.00697  0.06473  0.16276 
2.870  0.00690  0.06460  0.16285 
2.880  0.00683  0.06447  0.16294 
2.890  0.00675  0.06434  0.16303 
2.900  0.00668  0.06421  0.16312 
2.910  0.00661  0.06408  0.16321 
2.920  0.00654  0.06396  0.16330 
2.930  0.00647  0.06383  0.16340 
2.940  0.00640  0.06370  0.16349 
2.950  0.00634  0.06357  0.16358 
2.960  0.00627  0.06344  0.16367 
2.970  0.00620  0.06332  0.16376 
2.980  0.00614  0.06319  0.16385 
2.990  0.00607  0.06306  0.16394 
3.000  0.00601  0.06294  0.16403 
3.010  0.00595  0.06281  0.16413 
3.020  0.00588  0.06268  0.16422 
3.030  0.00582  0.06256  0.16431 
3.040  0.00576  0.06243  0.16440 
3.050  0.00570  0.06231  0.16449 
3.060  0.00564  0.06218  0.16458 
3.070  0.00558  0.06206  0.16468 
3.080  0.00552  0.06193  0.16477 
3.090  0.00546  0.06181  0.16486 
